301 310 391 400 26 115 4 0.0135 1
194 298 71 74 26 115 4 0.0135 1
307 310 145 391 26 115 4 0.0135 1
142 145 97 260 26 115 4 0.0135 1
298 467 99 102 26 115 4 0.0135 1
310 467 145 148 26 115 4 0.0135 1
465 468 99 147 26 115 4 0.0135 1
145 148 365 392 26 115 4 0.0135 1
68 71 258 368 26 115 4 0.0135 1
67 143 257 260 26 115 4 0.0135 1
72 149 365 368 26 115 4 0.0135 1
296 299 72 102 26 115 4 0.0135 1
193 197 71 100 26 115 4 0.0135 1
150 302 393 396 26 115 4 0.0135 1
143 152 391 400 26 115 4 0.0135 1
199 307 287 287 26 50 1.8 0.011 1
199 306 177 177 26 50 1.8 0.011 1
198 198 161 193 26 50 1.8 0.011 1
198 198 271 303 26 50 1.8 0.011 1
199 305 271 286 51 51 1.8 0.011 1
199 305 288 303 51 51 1.8 0.011 1
199 305 178 193 51 51 1.8 0.011 1
198 295 76 91 51 51 1.8 0.011 1
309 464 129 144 51 51 1.8 0.011 1
155 296 376 391 51 51 1.8 0.011 1
68 83 260 365 51 51 1.8 0.011 1
198 198 271 303 51 75 5 5e-06 1
198 198 161 193 51 75 5 5e-06 1
199 307 287 287 51 75 5 5e-06 1
199 306 177 177 51 75 5 5e-06 1
199 305 161 176 51 51 1.8 0.011 1
200 205 162 175 51 64 5 1e+11 1
296 301 162 175 51 64 5 1e+11 1
219 231 162 174 51 60 2 1e+10 1
245 257 162 174 51 60 2 1e+10 1
272 284 162 174 51 60 2 1e+10 1
200 205 180 193 51 64 5 1e+11 1
219 231 181 193 51 60 2 1e+10 1
245 257 181 193 51 60 2 1e+10 1
272 284 181 193 51 60 2 1e+10 1
296 301 180 193 51 64 5 1e+11 1
272 284 272 284 51 60 2 1e+10 1
296 301 271 284 51 64 5 1e+11 1
245 257 272 284 51 60 2 1e+10 1
219 231 272 284 51 60 2 1e+10 1
200 205 271 284 51 64 5 1e+11 1
296 301 289 302 51 64 5 1e+11 1
272 284 290 302 51 60 2 1e+10 1
245 257 290 302 51 60 2 1e+10 1
219 231 290 302 51 60 2 1e+10 1
200 205 289 302 51 64 5 1e+11 1
162 167 376 389 51 64 5 1e+11 1
239 244 376 389 51 64 5 1e+11 1
287 292 376 389 51 64 5 1e+11 1
182 194 376 388 51 60 2 1e+10 1
208 220 376 388 51 60 2 1e+10 1
260 272 376 388 51 60 2 1e+10 1
200 205 77 90 51 64 5 1e+11 1
223 235 77 89 51 60 2 1e+10 1
251 263 77 89 51 60 2 1e+10 1
284 289 77 90 51 64 5 1e+11 1
314 319 129 142 51 64 5 1e+11 1
343 355 130 142 51 60 2 1e+10 1
380 392 130 142 51 60 2 1e+10 1
414 426 130 142 51 60 2 1e+10 1
449 454 129 142 51 64 5 1e+11 1
69 81 345 357 51 60 2 1e+10 1
69 81 320 332 51 60 2 1e+10 1
68 81 303 308 51 64 5 1e+11 1
69 81 280 292 51 60 2 1e+10 1
68 81 264 269 51 64 5 1e+11 1
145 192 97 99 26 115 1.8 0.011 1
142 308 97 400 26 26 5 1 1
306 469 99 148 26 26 5 1 1
194 298 71 96 26 26 5 1 1
68 141 257 369 26 26 5 1 1
141 309 97 400 116 116 2.8 0.1533 1
68 141 257 369 116 116 2.8 0.1533 1
306 469 99 148 116 116 2.8 0.1533 1
194 298 71 96 116 116 2.8 0.1533 1
-1 
