140 140 124 124 120 120 
140 140 124 124 121 121 
140 140 124 124 122 122 
140 140 124 124 123 123 
140 140 124 124 124 124 
140 140 124 124 125 125 
140 140 124 124 126 126 
140 140 124 124 127 127 
140 140 124 124 128 128 
141 141 124 124 118 118 
141 141 124 124 119 119 
141 141 124 124 120 120 
141 141 124 124 121 121 
141 141 124 124 122 122 
141 141 124 124 123 123 
141 141 124 124 124 124 
141 141 124 124 125 125 
141 141 124 124 126 126 
141 141 124 124 127 127 
141 141 124 124 128 128 
141 141 124 124 129 129 
141 141 124 124 130 130 
142 142 124 124 116 116 
142 142 124 124 117 117 
142 142 124 124 118 118 
142 142 124 124 119 119 
142 142 124 124 120 120 
142 142 124 124 121 121 
142 142 124 124 122 122 
142 142 124 124 123 123 
142 142 124 124 124 124 
142 142 124 124 125 125 
142 142 124 124 126 126 
142 142 124 124 127 127 
142 142 124 124 128 128 
142 142 124 124 129 129 
142 142 124 124 130 130 
142 142 124 124 131 131 
142 142 124 124 132 132 
143 143 124 124 115 115 
143 143 124 124 116 116 
143 143 124 124 117 117 
143 143 124 124 118 118 
143 143 124 124 119 119 
143 143 124 124 120 120 
143 143 124 124 121 121 
143 143 124 124 122 122 
143 143 124 124 123 123 
143 143 124 124 124 124 
143 143 124 124 125 125 
143 143 124 124 126 126 
143 143 124 124 127 127 
143 143 124 124 128 128 
143 143 124 124 129 129 
143 143 124 124 130 130 
143 143 124 124 131 131 
143 143 124 124 132 132 
143 143 124 124 133 133 
144 144 124 124 114 114 
144 144 124 124 115 115 
144 144 124 124 116 116 
144 144 124 124 117 117 
144 144 124 124 118 118 
144 144 124 124 119 119 
144 144 124 124 120 120 
144 144 124 124 121 121 
144 144 124 124 122 122 
144 144 124 124 123 123 
144 144 124 124 124 124 
144 144 124 124 125 125 
144 144 124 124 126 126 
144 144 124 124 127 127 
144 144 124 124 128 128 
144 144 124 124 129 129 
144 144 124 124 130 130 
144 144 124 124 131 131 
144 144 124 124 132 132 
144 144 124 124 133 133 
144 144 124 124 134 134 
145 145 124 124 114 114 
145 145 124 124 115 115 
145 145 124 124 116 116 
145 145 124 124 117 117 
145 145 124 124 118 118 
145 145 124 124 119 119 
145 145 124 124 120 120 
145 145 124 124 121 121 
145 145 124 124 122 122 
145 145 124 124 123 123 
145 145 124 124 124 124 
145 145 124 124 125 125 
145 145 124 124 126 126 
145 145 124 124 127 127 
145 145 124 124 128 128 
145 145 124 124 129 129 
145 145 124 124 130 130 
145 145 124 124 131 131 
145 145 124 124 132 132 
145 145 124 124 133 133 
145 145 124 124 134 134 
146 146 124 124 114 114 
146 146 124 124 115 115 
146 146 124 124 116 116 
146 146 124 124 117 117 
146 146 124 124 118 118 
146 146 124 124 119 119 
146 146 124 124 120 120 
146 146 124 124 121 121 
146 146 124 124 122 122 
146 146 124 124 123 123 
146 146 124 124 124 124 
146 146 124 124 125 125 
146 146 124 124 126 126 
146 146 124 124 127 127 
146 146 124 124 128 128 
146 146 124 124 129 129 
146 146 124 124 130 130 
146 146 124 124 131 131 
146 146 124 124 132 132 
146 146 124 124 133 133 
146 146 124 124 134 134 
147 147 124 124 115 115 
147 147 124 124 116 116 
147 147 124 124 117 117 
147 147 124 124 118 118 
147 147 124 124 119 119 
147 147 124 124 120 120 
147 147 124 124 121 121 
147 147 124 124 122 122 
147 147 124 124 123 123 
147 147 124 124 124 124 
147 147 124 124 125 125 
147 147 124 124 126 126 
147 147 124 124 127 127 
147 147 124 124 128 128 
147 147 124 124 129 129 
147 147 124 124 130 130 
147 147 124 124 131 131 
147 147 124 124 132 132 
147 147 124 124 133 133 
148 148 124 124 116 116 
148 148 124 124 117 117 
148 148 124 124 118 118 
148 148 124 124 119 119 
148 148 124 124 120 120 
148 148 124 124 121 121 
148 148 124 124 122 122 
148 148 124 124 123 123 
148 148 124 124 124 124 
148 148 124 124 125 125 
148 148 124 124 126 126 
148 148 124 124 127 127 
148 148 124 124 128 128 
148 148 124 124 129 129 
148 148 124 124 130 130 
148 148 124 124 131 131 
148 148 124 124 132 132 
149 149 124 124 118 118 
149 149 124 124 119 119 
149 149 124 124 120 120 
149 149 124 124 121 121 
149 149 124 124 122 122 
149 149 124 124 123 123 
149 149 124 124 124 124 
149 149 124 124 125 125 
149 149 124 124 126 126 
149 149 124 124 127 127 
149 149 124 124 128 128 
149 149 124 124 129 129 
149 149 124 124 130 130 
150 150 124 124 120 120 
150 150 124 124 121 121 
150 150 124 124 122 122 
150 150 124 124 123 123 
150 150 124 124 124 124 
150 150 124 124 125 125 
150 150 124 124 126 126 
150 150 124 124 127 127 
150 150 124 124 128 128 
139 139 142 142 124 124 
139 139 141 141 124 124 
139 139 140 140 124 124 
138 138 139 139 124 124 
138 138 138 138 124 124 
138 138 137 137 124 124 
138 138 136 136 124 124 
138 138 135 135 124 124 
138 138 134 134 124 124 
139 139 144 144 124 124 
139 139 143 143 124 124 
138 138 142 142 124 124 
138 138 141 141 124 124 
138 138 140 140 124 124 
138 138 139 139 124 124 
138 138 138 138 124 124 
138 138 137 137 124 124 
137 137 136 136 124 124 
137 137 135 135 124 124 
137 137 134 134 124 124 
136 136 133 133 124 124 
136 136 132 132 124 124 
139 139 146 146 124 124 
138 138 145 145 124 124 
138 138 144 144 124 124 
138 138 143 143 124 124 
138 138 142 142 124 124 
138 138 141 141 124 124 
138 138 140 140 124 124 
137 137 139 139 124 124 
137 137 138 138 124 124 
137 137 137 137 124 124 
136 136 137 137 124 124 
136 136 136 136 124 124 
136 136 135 135 124 124 
135 135 134 134 124 124 
135 135 133 133 124 124 
135 135 132 132 124 124 
134 134 131 131 124 124 
138 138 147 147 124 124 
138 138 146 146 124 124 
138 138 145 145 124 124 
138 138 144 144 124 124 
138 138 143 143 124 124 
137 137 143 143 124 124 
137 137 142 142 124 124 
137 137 141 141 124 124 
136 136 140 140 124 124 
136 136 139 139 124 124 
136 136 138 138 124 124 
135 135 137 137 124 124 
135 135 136 136 124 124 
135 135 135 135 124 124 
134 134 134 134 124 124 
134 134 133 133 124 124 
134 134 132 132 124 124 
133 133 131 131 124 124 
133 133 131 131 124 124 
138 138 149 149 124 124 
138 138 148 148 124 124 
138 138 147 147 124 124 
137 137 146 146 124 124 
137 137 145 145 124 124 
137 137 144 144 124 124 
136 136 143 143 124 124 
136 136 142 142 124 124 
136 136 141 141 124 124 
135 135 140 140 124 124 
135 135 139 139 124 124 
135 135 138 138 124 124 
135 135 137 137 124 124 
134 134 136 136 124 124 
134 134 135 135 124 124 
134 134 134 134 124 124 
133 133 133 133 124 124 
133 133 132 132 124 124 
133 133 132 132 124 124 
132 132 131 131 124 124 
132 132 131 131 124 124 
138 138 149 149 124 124 
137 137 148 148 124 124 
137 137 147 147 124 124 
137 137 146 146 124 124 
136 136 145 145 124 124 
136 136 144 144 124 124 
136 136 143 143 124 124 
135 135 142 142 124 124 
135 135 141 141 124 124 
135 135 140 140 124 124 
134 134 139 139 124 124 
134 134 138 138 124 124 
134 134 138 138 124 124 
133 133 137 137 124 124 
133 133 136 136 124 124 
133 133 135 135 124 124 
132 132 134 134 124 124 
132 132 133 133 124 124 
132 132 132 132 124 124 
131 131 131 131 124 124 
131 131 131 131 124 124 
137 137 149 149 124 124 
136 136 148 148 124 124 
136 136 147 147 124 124 
136 136 146 146 124 124 
135 135 145 145 124 124 
135 135 144 144 124 124 
135 135 144 144 124 124 
134 134 143 143 124 124 
134 134 142 142 124 124 
134 134 141 141 124 124 
133 133 140 140 124 124 
133 133 139 139 124 124 
133 133 138 138 124 124 
132 132 137 137 124 124 
132 132 136 136 124 124 
132 132 135 135 124 124 
131 131 134 134 124 124 
131 131 133 133 124 124 
131 131 132 132 124 124 
130 130 131 131 124 124 
130 130 131 131 124 124 
135 135 149 149 124 124 
135 135 148 148 124 124 
135 135 147 147 124 124 
134 134 146 146 124 124 
134 134 145 145 124 124 
134 134 144 144 124 124 
133 133 143 143 124 124 
133 133 142 142 124 124 
133 133 141 141 124 124 
132 132 140 140 124 124 
132 132 139 139 124 124 
132 132 138 138 124 124 
131 131 137 137 124 124 
131 131 136 136 124 124 
131 131 135 135 124 124 
130 130 134 134 124 124 
130 130 133 133 124 124 
130 130 133 133 124 124 
129 129 132 132 124 124 
134 134 148 148 124 124 
134 134 147 147 124 124 
133 133 146 146 124 124 
133 133 145 145 124 124 
133 133 144 144 124 124 
132 132 143 143 124 124 
132 132 142 142 124 124 
132 132 141 141 124 124 
131 131 140 140 124 124 
131 131 139 139 124 124 
131 131 139 139 124 124 
130 130 138 138 124 124 
130 130 137 137 124 124 
130 130 136 136 124 124 
129 129 135 135 124 124 
129 129 134 134 124 124 
129 129 133 133 124 124 
132 132 146 146 124 124 
132 132 145 145 124 124 
132 132 145 145 124 124 
131 131 144 144 124 124 
131 131 143 143 124 124 
131 131 142 142 124 124 
130 130 141 141 124 124 
130 130 140 140 124 124 
130 130 139 139 124 124 
129 129 138 138 124 124 
129 129 137 137 124 124 
129 129 136 136 124 124 
128 128 135 135 124 124 
131 131 145 145 124 124 
131 131 144 144 124 124 
130 130 143 143 124 124 
130 130 142 142 124 124 
130 130 141 141 124 124 
129 129 140 140 124 124 
129 129 139 139 124 124 
129 129 138 138 124 124 
128 128 137 137 124 124 
-1 
