120 120 125 125 125 125 
121 121 122 122 125 125 
121 121 123 123 123 123 
121 121 123 123 124 124 
121 121 123 123 125 125 
121 121 123 123 126 126 
121 121 123 123 127 127 
121 121 124 124 123 123 
121 121 124 124 124 124 
121 121 124 124 125 125 
121 121 124 124 126 126 
121 121 124 124 127 127 
121 121 125 125 122 122 
121 121 125 125 123 123 
121 121 125 125 124 124 
121 121 125 125 125 125 
121 121 125 125 126 126 
121 121 125 125 127 127 
121 121 125 125 128 128 
121 121 126 126 123 123 
121 121 126 126 124 124 
121 121 126 126 125 125 
121 121 126 126 126 126 
121 121 126 126 127 127 
121 121 127 127 123 123 
121 121 127 127 124 124 
121 121 127 127 125 125 
121 121 127 127 126 126 
121 121 127 127 127 127 
121 121 128 128 125 125 
122 122 121 121 125 125 
122 122 122 122 123 123 
122 122 122 122 124 124 
122 122 122 122 125 125 
122 122 122 122 126 126 
122 122 122 122 127 127 
122 122 123 123 122 122 
122 122 123 123 123 123 
122 122 123 123 124 124 
122 122 123 123 125 125 
122 122 123 123 126 126 
122 122 123 123 127 127 
122 122 123 123 128 128 
122 122 124 124 122 122 
122 122 124 124 123 123 
122 122 124 124 124 124 
122 122 124 124 125 125 
122 122 124 124 126 126 
122 122 124 124 127 127 
122 122 124 124 128 128 
122 122 125 125 121 121 
122 122 125 125 122 122 
122 122 125 125 123 123 
122 122 125 125 124 124 
122 122 125 125 125 125 
122 122 125 125 126 126 
122 122 125 125 127 127 
122 122 125 125 128 128 
122 122 125 125 129 129 
122 122 126 126 122 122 
122 122 126 126 123 123 
122 122 126 126 124 124 
122 122 126 126 125 125 
122 122 126 126 126 126 
122 122 126 126 127 127 
122 122 126 126 128 128 
122 122 127 127 122 122 
122 122 127 127 123 123 
122 122 127 127 124 124 
122 122 127 127 125 125 
122 122 127 127 126 126 
122 122 127 127 127 127 
122 122 127 127 128 128 
122 122 128 128 123 123 
122 122 128 128 124 124 
122 122 128 128 125 125 
122 122 128 128 126 126 
122 122 128 128 127 127 
122 122 129 129 125 125 
123 123 121 121 123 123 
123 123 121 121 124 124 
123 123 121 121 125 125 
123 123 121 121 126 126 
123 123 121 121 127 127 
123 123 122 122 122 122 
123 123 122 122 123 123 
123 123 122 122 124 124 
123 123 122 122 125 125 
123 123 122 122 126 126 
123 123 122 122 127 127 
123 123 122 122 128 128 
123 123 123 123 121 121 
123 123 123 123 122 122 
123 123 123 123 123 123 
123 123 123 123 124 124 
123 123 123 123 125 125 
123 123 123 123 126 126 
123 123 123 123 127 127 
123 123 123 123 128 128 
123 123 123 123 129 129 
123 123 124 124 121 121 
123 123 124 124 122 122 
123 123 124 124 123 123 
123 123 124 124 124 124 
123 123 124 124 125 125 
123 123 124 124 126 126 
123 123 124 124 127 127 
123 123 124 124 128 128 
123 123 124 124 129 129 
123 123 125 125 121 121 
123 123 125 125 122 122 
123 123 125 125 123 123 
123 123 125 125 124 124 
123 123 125 125 125 125 
123 123 125 125 126 126 
123 123 125 125 127 127 
123 123 125 125 128 128 
123 123 125 125 129 129 
123 123 126 126 121 121 
123 123 126 126 122 122 
123 123 126 126 123 123 
123 123 126 126 124 124 
123 123 126 126 125 125 
123 123 126 126 126 126 
123 123 126 126 127 127 
123 123 126 126 128 128 
123 123 126 126 129 129 
123 123 127 127 121 121 
123 123 127 127 122 122 
123 123 127 127 123 123 
123 123 127 127 124 124 
123 123 127 127 125 125 
123 123 127 127 126 126 
123 123 127 127 127 127 
123 123 127 127 128 128 
123 123 127 127 129 129 
123 123 128 128 122 122 
123 123 128 128 123 123 
123 123 128 128 124 124 
123 123 128 128 125 125 
123 123 128 128 126 126 
123 123 128 128 127 127 
123 123 128 128 128 128 
123 123 129 129 123 123 
123 123 129 129 124 124 
123 123 129 129 125 125 
123 123 129 129 126 126 
123 123 129 129 127 127 
124 124 121 121 123 123 
124 124 121 121 124 124 
124 124 121 121 125 125 
124 124 121 121 126 126 
124 124 121 121 127 127 
124 124 122 122 122 122 
124 124 122 122 123 123 
124 124 122 122 124 124 
124 124 122 122 125 125 
124 124 122 122 126 126 
124 124 122 122 127 127 
124 124 122 122 128 128 
124 124 123 123 121 121 
124 124 123 123 122 122 
124 124 123 123 123 123 
124 124 123 123 124 124 
124 124 123 123 125 125 
124 124 123 123 126 126 
124 124 123 123 127 127 
124 124 123 123 128 128 
124 124 123 123 129 129 
124 124 124 124 121 121 
124 124 124 124 122 122 
124 124 124 124 123 123 
124 124 124 124 124 124 
124 124 124 124 125 125 
124 124 124 124 126 126 
124 124 124 124 127 127 
124 124 124 124 128 128 
124 124 124 124 129 129 
124 124 125 125 121 121 
124 124 125 125 122 122 
124 124 125 125 123 123 
124 124 125 125 124 124 
124 124 125 125 125 125 
124 124 125 125 126 126 
124 124 125 125 127 127 
124 124 125 125 128 128 
124 124 125 125 129 129 
124 124 126 126 121 121 
124 124 126 126 122 122 
124 124 126 126 123 123 
124 124 126 126 124 124 
124 124 126 126 125 125 
124 124 126 126 126 126 
124 124 126 126 127 127 
124 124 126 126 128 128 
124 124 126 126 129 129 
124 124 127 127 121 121 
124 124 127 127 122 122 
124 124 127 127 123 123 
124 124 127 127 124 124 
124 124 127 127 125 125 
124 124 127 127 126 126 
124 124 127 127 127 127 
124 124 127 127 128 128 
124 124 127 127 129 129 
124 124 128 128 122 122 
124 124 128 128 123 123 
124 124 128 128 124 124 
124 124 128 128 125 125 
124 124 128 128 126 126 
124 124 128 128 127 127 
124 124 128 128 128 128 
124 124 129 129 123 123 
124 124 129 129 124 124 
124 124 129 129 125 125 
124 124 129 129 126 126 
124 124 129 129 127 127 
125 125 120 120 125 125 
125 125 121 121 122 122 
125 125 121 121 123 123 
125 125 121 121 124 124 
125 125 121 121 125 125 
125 125 121 121 126 126 
125 125 121 121 127 127 
125 125 121 121 128 128 
125 125 122 122 121 121 
125 125 122 122 122 122 
125 125 122 122 123 123 
125 125 122 122 124 124 
125 125 122 122 125 125 
125 125 122 122 126 126 
125 125 122 122 127 127 
125 125 122 122 128 128 
125 125 122 122 129 129 
125 125 123 123 121 121 
125 125 123 123 122 122 
125 125 123 123 123 123 
125 125 123 123 124 124 
125 125 123 123 125 125 
125 125 123 123 126 126 
125 125 123 123 127 127 
125 125 123 123 128 128 
125 125 123 123 129 129 
125 125 124 124 121 121 
125 125 124 124 122 122 
125 125 124 124 123 123 
125 125 124 124 124 124 
125 125 124 124 125 125 
125 125 124 124 126 126 
125 125 124 124 127 127 
125 125 124 124 128 128 
125 125 124 124 129 129 
125 125 125 125 120 120 
125 125 125 125 121 121 
125 125 125 125 122 122 
125 125 125 125 123 123 
125 125 125 125 124 124 
125 125 125 125 125 125 
125 125 125 125 126 126 
125 125 125 125 127 127 
125 125 125 125 128 128 
125 125 125 125 129 129 
125 125 125 125 130 130 
125 125 126 126 121 121 
125 125 126 126 122 122 
125 125 126 126 123 123 
125 125 126 126 124 124 
125 125 126 126 125 125 
125 125 126 126 126 126 
125 125 126 126 127 127 
125 125 126 126 128 128 
125 125 126 126 129 129 
125 125 127 127 121 121 
125 125 127 127 122 122 
125 125 127 127 123 123 
125 125 127 127 124 124 
125 125 127 127 125 125 
125 125 127 127 126 126 
125 125 127 127 127 127 
125 125 127 127 128 128 
125 125 127 127 129 129 
125 125 128 128 121 121 
125 125 128 128 122 122 
125 125 128 128 123 123 
125 125 128 128 124 124 
125 125 128 128 125 125 
125 125 128 128 126 126 
125 125 128 128 127 127 
125 125 128 128 128 128 
125 125 128 128 129 129 
125 125 129 129 122 122 
125 125 129 129 123 123 
125 125 129 129 124 124 
125 125 129 129 125 125 
125 125 129 129 126 126 
125 125 129 129 127 127 
125 125 129 129 128 128 
125 125 130 130 125 125 
126 126 121 121 123 123 
126 126 121 121 124 124 
126 126 121 121 125 125 
126 126 121 121 126 126 
126 126 121 121 127 127 
126 126 122 122 122 122 
126 126 122 122 123 123 
126 126 122 122 124 124 
126 126 122 122 125 125 
126 126 122 122 126 126 
126 126 122 122 127 127 
126 126 122 122 128 128 
126 126 123 123 121 121 
126 126 123 123 122 122 
126 126 123 123 123 123 
126 126 123 123 124 124 
126 126 123 123 125 125 
126 126 123 123 126 126 
126 126 123 123 127 127 
126 126 123 123 128 128 
126 126 123 123 129 129 
126 126 124 124 121 121 
126 126 124 124 122 122 
126 126 124 124 123 123 
126 126 124 124 124 124 
126 126 124 124 125 125 
126 126 124 124 126 126 
126 126 124 124 127 127 
126 126 124 124 128 128 
126 126 124 124 129 129 
126 126 125 125 121 121 
126 126 125 125 122 122 
126 126 125 125 123 123 
126 126 125 125 124 124 
126 126 125 125 125 125 
126 126 125 125 126 126 
126 126 125 125 127 127 
126 126 125 125 128 128 
126 126 125 125 129 129 
126 126 126 126 121 121 
126 126 126 126 122 122 
126 126 126 126 123 123 
126 126 126 126 124 124 
126 126 126 126 125 125 
126 126 126 126 126 126 
126 126 126 126 127 127 
126 126 126 126 128 128 
126 126 126 126 129 129 
126 126 127 127 121 121 
126 126 127 127 122 122 
126 126 127 127 123 123 
126 126 127 127 124 124 
126 126 127 127 125 125 
126 126 127 127 126 126 
126 126 127 127 127 127 
126 126 127 127 128 128 
126 126 127 127 129 129 
126 126 128 128 122 122 
126 126 128 128 123 123 
126 126 128 128 124 124 
126 126 128 128 125 125 
126 126 128 128 126 126 
126 126 128 128 127 127 
126 126 128 128 128 128 
126 126 129 129 123 123 
126 126 129 129 124 124 
126 126 129 129 125 125 
126 126 129 129 126 126 
126 126 129 129 127 127 
127 127 121 121 123 123 
127 127 121 121 124 124 
127 127 121 121 125 125 
127 127 121 121 126 126 
127 127 121 121 127 127 
127 127 122 122 122 122 
127 127 122 122 123 123 
127 127 122 122 124 124 
127 127 122 122 125 125 
127 127 122 122 126 126 
127 127 122 122 127 127 
127 127 122 122 128 128 
127 127 123 123 121 121 
127 127 123 123 122 122 
127 127 123 123 123 123 
127 127 123 123 124 124 
127 127 123 123 125 125 
127 127 123 123 126 126 
127 127 123 123 127 127 
127 127 123 123 128 128 
127 127 123 123 129 129 
127 127 124 124 121 121 
127 127 124 124 122 122 
127 127 124 124 123 123 
127 127 124 124 124 124 
127 127 124 124 125 125 
127 127 124 124 126 126 
127 127 124 124 127 127 
127 127 124 124 128 128 
127 127 124 124 129 129 
127 127 125 125 121 121 
127 127 125 125 122 122 
127 127 125 125 123 123 
127 127 125 125 124 124 
127 127 125 125 125 125 
127 127 125 125 126 126 
127 127 125 125 127 127 
127 127 125 125 128 128 
127 127 125 125 129 129 
127 127 126 126 121 121 
127 127 126 126 122 122 
127 127 126 126 123 123 
127 127 126 126 124 124 
127 127 126 126 125 125 
127 127 126 126 126 126 
127 127 126 126 127 127 
127 127 126 126 128 128 
127 127 126 126 129 129 
127 127 127 127 121 121 
127 127 127 127 122 122 
127 127 127 127 123 123 
127 127 127 127 124 124 
127 127 127 127 125 125 
127 127 127 127 126 126 
127 127 127 127 127 127 
127 127 127 127 128 128 
127 127 127 127 129 129 
127 127 128 128 122 122 
127 127 128 128 123 123 
127 127 128 128 124 124 
127 127 128 128 125 125 
127 127 128 128 126 126 
127 127 128 128 127 127 
127 127 128 128 128 128 
127 127 129 129 123 123 
127 127 129 129 124 124 
127 127 129 129 125 125 
127 127 129 129 126 126 
127 127 129 129 127 127 
128 128 121 121 125 125 
128 128 122 122 123 123 
128 128 122 122 124 124 
128 128 122 122 125 125 
128 128 122 122 126 126 
128 128 122 122 127 127 
128 128 123 123 122 122 
128 128 123 123 123 123 
128 128 123 123 124 124 
128 128 123 123 125 125 
128 128 123 123 126 126 
128 128 123 123 127 127 
128 128 123 123 128 128 
128 128 124 124 122 122 
128 128 124 124 123 123 
128 128 124 124 124 124 
128 128 124 124 125 125 
128 128 124 124 126 126 
128 128 124 124 127 127 
128 128 124 124 128 128 
128 128 125 125 121 121 
128 128 125 125 122 122 
128 128 125 125 123 123 
128 128 125 125 124 124 
128 128 125 125 125 125 
128 128 125 125 126 126 
128 128 125 125 127 127 
128 128 125 125 128 128 
128 128 125 125 129 129 
128 128 126 126 122 122 
128 128 126 126 123 123 
128 128 126 126 124 124 
128 128 126 126 125 125 
128 128 126 126 126 126 
128 128 126 126 127 127 
128 128 126 126 128 128 
128 128 127 127 122 122 
128 128 127 127 123 123 
128 128 127 127 124 124 
128 128 127 127 125 125 
128 128 127 127 126 126 
128 128 127 127 127 127 
128 128 127 127 128 128 
128 128 128 128 123 123 
128 128 128 128 124 124 
128 128 128 128 125 125 
128 128 128 128 126 126 
128 128 128 128 127 127 
128 128 129 129 125 125 
129 129 122 122 125 125 
129 129 123 123 123 123 
129 129 123 123 124 124 
129 129 123 123 125 125 
129 129 123 123 126 126 
129 129 123 123 127 127 
129 129 124 124 123 123 
129 129 124 124 124 124 
129 129 124 124 125 125 
129 129 124 124 126 126 
129 129 124 124 127 127 
129 129 125 125 122 122 
129 129 125 125 123 123 
129 129 125 125 124 124 
129 129 125 125 125 125 
129 129 125 125 126 126 
129 129 125 125 127 127 
129 129 125 125 128 128 
129 129 126 126 123 123 
129 129 126 126 124 124 
129 129 126 126 125 125 
129 129 126 126 126 126 
129 129 126 126 127 127 
129 129 127 127 123 123 
129 129 127 127 124 124 
129 129 127 127 125 125 
129 129 127 127 126 126 
129 129 127 127 127 127 
129 129 128 128 125 125 
130 130 125 125 125 125 
