2 8.25 0 10.95 0.31 2.7 0.31 4 0 0.0135
2 5.06 0 1.35 3.15 2.7 0.13 4 0 0.0135
2 8.43 0 3.57 0.13 2.7 7.42 4 0 0.0135
2 3.48 0 2.13 0.13 2.7 4.93 4 0 0.0135
2 8.16 0 2.19 5.1 2.7 0.13 4 0 0.0135
2 8.52 0 3.57 4.74 2.7 0.13 4 0 0.0135
2 13.17 0 2.19 0.13 2.7 1.47 4 0 0.0135
2 3.57 0 10.19 0.13 2.7 0.84 4 0 0.0135
2 1.26 0 6.98 0.13 2.7 3.33 4 0 0.0135
2 1.25 0 6.93 2.29 2.7 0.13 4 0 0.0135
2 1.4 0 10.17 2.32 2.7 0.13 4 0 0.0135
2 8.1 0 1.38 0.13 2.7 0.94 4 0 0.0135
2 5.03 0 1.35 0.13 2.7 0.9 4 0 0.0135
2 3.72 0 11.01 4.6 2.7 0.13 4 0 0.0135
2 3.51 0 10.95 0.31 2.7 0.31 4 0 0.0135
2 5.19 0 7.83 3.27 0.75 0.03 1.8 0 0
2 5.19 0 4.55 3.24 0.75 0.03 1.8 0 0.011
2 5.18 0 4.05 0.03 0.75 1 1.8 0 0.011
2 5.18 0 7.35 0.03 0.75 1 1.8 0 0.011
2 5.21 0.75 7.35 3.21 0.03 0.5 1.8 0 0.011
2 5.21 0.75 7.86 3.21 0.03 0.5 1.8 0 0.011
2 5.21 0.75 4.56 3.21 0.03 0.5 1.8 0 0.011
2 5.18 0.75 1.5 2.94 0.03 0.5 1.8 0 0.011
2 8.51 0.75 3.09 4.68 0.03 0.5 1.8 0 0.011
2 3.89 0.75 10.5 4.26 0.03 0.5 1.8 0 0.011
2 1.26 0.75 7.04 0.5 0.03 3.18 1.8 0 0.011
2 5.18 0.75 7.35 0.03 0.75 1 5 0 5e-06
2 5.18 0.75 4.05 0.03 0.75 1 5 0 5e-06
2 5.19 0.75 7.83 3.27 0.75 0.03 5 0 5e-06
2 5.19 0.75 4.55 3.24 0.75 0.03 5 0 5e-06
2 5.21 0.75 4.05 3.21 0.03 0.5 1.8 0 0.011
2 5.24 0.75 4.08 0.18 0.43 0.42 5 0 1e+11
2 8.12 0.75 4.08 0.18 0.43 0.42 5 0 1e+11
2 5.81 0.75 4.08 0.39 0.31 0.39 2 0 1e+10
2 6.59 0.75 4.08 0.39 0.31 0.39 2 0 1e+10
2 7.4 0.75 4.08 0.39 0.31 0.39 2 0 1e+10
2 5.24 0.75 4.62 0.18 0.43 0.42 5 0 1e+11
2 5.81 0.75 4.65 0.39 0.31 0.39 2 0 1e+10
2 6.59 0.75 4.65 0.39 0.31 0.39 2 0 1e+10
2 7.4 0.75 4.65 0.39 0.31 0.39 2 0 1e+10
2 8.12 0.75 4.62 0.18 0.43 0.42 5 0 1e+11
2 7.4 0.75 7.38 0.39 0.31 0.39 2 0 1e+10
2 8.12 0.75 7.35 0.18 0.43 0.42 5 0 1e+11
2 6.59 0.75 7.38 0.39 0.31 0.39 2 0 1e+10
2 5.81 0.75 7.38 0.39 0.31 0.39 2 0 1e+10
2 5.24 0.75 7.35 0.18 0.43 0.42 5 0 1e+11
2 8.12 0.75 7.89 0.18 0.43 0.42 5 0 1e+11
2 7.4 0.75 7.92 0.39 0.31 0.39 2 0 1e+10
2 6.59 0.75 7.92 0.39 0.31 0.39 2 0 1e+10
2 5.81 0.75 7.92 0.39 0.31 0.39 2 0 1e+10
2 5.24 0.75 7.89 0.18 0.43 0.42 5 0 1e+11
2 4.1 0.75 10.5 0.18 0.43 0.42 5 0 1e+11
2 6.41 0.75 10.5 0.18 0.43 0.42 5 0 1e+11
2 7.85 0.75 10.5 0.18 0.43 0.42 5 0 1e+11
2 4.7 0.75 10.5 0.39 0.31 0.39 2 0 1e+10
2 5.48 0.75 10.5 0.39 0.31 0.39 2 0 1e+10
2 7.04 0.75 10.5 0.39 0.31 0.39 2 0 1e+10
2 5.24 0.75 1.53 0.18 0.43 0.42 5 0 1e+11
2 5.93 0.75 1.53 0.39 0.31 0.39 2 0 1e+10
2 6.77 0.75 1.53 0.39 0.31 0.39 2 0 1e+10
2 7.76 0.75 1.53 0.18 0.43 0.42 5 0 1e+11
2 8.66 0.75 3.09 0.18 0.43 0.42 5 0 1e+11
2 9.53 0.75 3.12 0.39 0.31 0.39 2 0 1e+10
2 10.64 0.75 3.12 0.39 0.31 0.39 2 0 1e+10
2 11.66 0.75 3.12 0.39 0.31 0.39 2 0 1e+10
2 12.71 0.75 3.09 0.18 0.43 0.42 5 0 1e+11
2 1.29 0.75 9.57 0.39 0.31 0.39 2 0 1e+10
2 1.29 0.75 8.82 0.39 0.31 0.39 2 0 1e+10
2 1.28 0.75 8.31 0.42 0.43 0.18 5 0 1e+11
2 1.29 0.75 7.62 0.39 0.31 0.39 2 0 1e+10
2 1.28 0.75 7.14 0.42 0.43 0.18 5 0 1e+11
2 3.59 0 2.13 1.44 2.7 0.1 1.8 0 0.011
2 3.48 0 2.13 5.02 0.03 9.13 5 0 1
2 8.4 0 2.19 4.93 0.03 1.52 5 0 1
2 5.04 0 1.35 3.17 0.03 0.8 5 0 1
2 1.26 0 6.93 2.24 0.03 3.4 5 0 1
2 3.45 2.7 2.13 5.08 0.03 9.13 2.8 1 0.1533
2 1.26 2.7 6.93 2.24 0.03 3.4 2.8 1 0.1533
2 8.4 2.7 2.19 4.93 0.03 1.52 2.8 1 0.1533
2 5.04 2.7 1.35 3.17 0.03 0.8 2.8 1 0.1533
